     0.00     0.00      0.00     6.83      0.00
     0.31     0.04      0.32     6.83      0.32
     0.63     0.08      0.63     6.81      0.64
     0.94     0.11      0.95     6.77      0.96
     1.26     0.15      1.27     6.68      1.28
     1.57     0.18      1.58     6.41      1.63
     1.89     0.19      1.90     5.62      2.03
     2.20     0.15      2.21     3.85      2.44
     2.51     0.07      2.51     1.57      2.83
     2.81    -0.03      2.81    -0.53      3.17
     3.11    -0.13      3.12    -2.31      3.50
     3.41    -0.23      3.42    -3.79      3.82
     3.72    -0.33      3.73    -5.03      4.13
     4.02    -0.43      4.04    -6.08      4.45
     4.32    -0.53      4.35    -6.98      4.77
     4.62    -0.63      4.66    -7.77      5.08
     4.92    -0.73      4.97    -8.45      5.40
     5.22    -0.83      5.28    -9.05      5.72
     5.52    -0.93      5.59    -9.58      6.04
     5.82    -1.03      5.91   -10.05      6.35
     6.12    -1.13      6.22   -10.48      6.67
     6.42    -1.23      6.54   -10.86      6.99
     6.72    -1.33      6.85   -11.21      7.30
     7.02    -1.43      7.16   -11.52      7.62
     7.32    -1.53      7.48   -11.81      7.94
     7.62    -1.63      7.79   -12.07      8.25
     7.92    -1.73      8.11   -12.31      8.57
     8.22    -1.83      8.42   -12.53      8.89
     8.52    -1.93      8.74   -12.74      9.20
     8.82    -2.03      9.05   -12.93      9.52
     9.12    -2.12      9.37   -13.11      9.84
     9.43    -2.22      9.68   -13.28     10.15
     9.73    -2.32     10.00   -13.43     10.47

     0.00     0.00      0.00     6.13      0.00
     0.31     0.03      0.32     6.13      0.32
     0.63     0.07      0.63     6.11      0.63
     0.94     0.10      0.95     6.08      0.95
     1.26     0.13      1.26     5.99      1.28
     1.57     0.16      1.58     5.75      1.63
     1.89     0.17      1.90     5.03      2.03
     2.20     0.13      2.21     3.39      2.44
     2.51     0.06      2.51     1.28      2.83
     2.81    -0.03      2.81    -0.66      3.17
     3.12    -0.12      3.12    -2.30      3.50
     3.42    -0.22      3.42    -3.66      3.82
     3.72    -0.31      3.73    -4.80      4.13
     4.02    -0.41      4.04    -5.76      4.45
     4.32    -0.50      4.35    -6.59      4.77
     4.62    -0.59      4.66    -7.31      5.08
     4.93    -0.69      4.97    -7.94      5.40
     5.23    -0.78      5.29    -8.49      5.71
     5.53    -0.87      5.60    -8.98      6.03
     5.83    -0.97      5.91    -9.41      6.35
     6.13    -1.06      6.23    -9.80      6.66
     6.44    -1.15      6.54   -10.15      6.98
     6.74    -1.24      6.85   -10.47      7.29
     7.04    -1.34      7.17   -10.76      7.61
     7.34    -1.43      7.48   -11.03      7.93
     7.65    -1.52      7.80   -11.27      8.24
     7.95    -1.62      8.11   -11.49      8.56
     8.25    -1.71      8.43   -11.70      8.88
     8.55    -1.80      8.74   -11.89      9.19
     8.86    -1.89      9.05   -12.07      9.51
     9.16    -1.98      9.37   -12.23      9.82
     9.46    -2.08      9.68   -12.39     10.14
     9.76    -2.17     10.00   -12.53     10.46

     0.00     0.00      0.00     5.56      0.00
     0.31     0.03      0.32     5.56      0.32
     0.63     0.06      0.63     5.55      0.63
     0.94     0.09      0.95     5.52      0.95
     1.26     0.12      1.26     5.44      1.28
     1.57     0.14      1.58     5.21      1.63
     1.89     0.15      1.89     4.55      2.02
     2.20     0.12      2.20     3.03      2.44
     2.51     0.05      2.51     1.07      2.83
     2.81    -0.04      2.81    -0.73      3.17
     3.12    -0.12      3.12    -2.24      3.50
     3.42    -0.21      3.43    -3.49      3.82
     3.72    -0.30      3.73    -4.55      4.13
     4.03    -0.38      4.04    -5.44      4.45
     4.33    -0.47      4.35    -6.20      4.76
     4.63    -0.56      4.67    -6.86      5.08
     4.94    -0.64      4.98    -7.44      5.39
     5.24    -0.73      5.29    -7.94      5.71
     5.54    -0.82      5.60    -8.39      6.03
     5.85    -0.90      5.92    -8.79      6.34
     6.15    -0.99      6.23    -9.15      6.66
     6.45    -1.08      6.54    -9.47      6.97
     6.76    -1.16      6.86    -9.76      7.29
     7.06    -1.25      7.17   -10.02      7.60
     7.36    -1.33      7.48   -10.26      7.92
     7.67    -1.42      7.80   -10.49      8.23
     7.97    -1.50      8.11   -10.69      8.55
     8.28    -1.59      8.43   -10.88      8.87
     8.58    -1.67      8.74   -11.05      9.18
     8.88    -1.76      9.06   -11.21      9.50
     9.19    -1.84      9.37   -11.36      9.81
     9.49    -1.93      9.69   -11.50     10.13
     9.79    -2.01     10.00   -11.63     10.44

     0.00     0.00      0.00     5.03      0.00
     0.31     0.03      0.32     5.03      0.32
     0.63     0.06      0.63     5.02      0.63
     0.94     0.08      0.95     4.99      0.95
     1.26     0.11      1.26     4.92      1.28
     1.57     0.13      1.58     4.72      1.63
     1.88     0.14      1.89     4.11      2.02
     2.20     0.10      2.20     2.71      2.44
     2.51     0.04      2.51     0.90      2.83
     2.81    -0.04      2.81    -0.75      3.17
     3.12    -0.12      3.12    -2.14      3.50
     3.42    -0.20      3.43    -3.29      3.81
     3.73    -0.28      3.74    -4.25      4.13
     4.03    -0.36      4.05    -5.07      4.45
     4.34    -0.44      4.36    -5.77      4.76
     4.64    -0.52      4.67    -6.37      5.08
     4.95    -0.60      4.98    -6.90      5.39
     5.25    -0.68      5.29    -7.36      5.71
     5.55    -0.76      5.61    -7.77      6.02
     5.86    -0.84      5.92    -8.14      6.34
     6.16    -0.92      6.23    -8.46      6.65
     6.47    -1.00      6.55    -8.75      6.97
     6.77    -1.07      6.86    -9.02      7.28
     7.08    -1.15      7.17    -9.26      7.60
     7.38    -1.23      7.49    -9.48      7.91
     7.69    -1.31      7.80    -9.68      8.23
     7.99    -1.39      8.11    -9.87      8.54
     8.30    -1.47      8.43   -10.04      8.86
     8.60    -1.55      8.74   -10.20      9.17
     8.91    -1.63      9.06   -10.34      9.49
     9.22    -1.70      9.37   -10.48      9.80
     9.52    -1.78      9.69   -10.61     10.12
     9.83    -1.86     10.00   -10.73     10.43

     0.00     0.00      0.00     4.51      0.00
     0.31     0.02      0.31     4.51      0.32
     0.63     0.05      0.63     4.50      0.63
     0.94     0.07      0.94     4.47      0.95
     1.25     0.10      1.26     4.41      1.28
     1.57     0.12      1.57     4.23      1.63
     1.88     0.12      1.89     3.68      2.02
     2.20     0.09      2.20     2.40      2.44
     2.51     0.03      2.51     0.76      2.83
     2.81    -0.04      2.81    -0.74      3.17
     3.12    -0.11      3.12    -2.00      3.50
     3.42    -0.18      3.43    -3.05      3.81
     3.73    -0.26      3.74    -3.92      4.13
     4.04    -0.33      4.05    -4.66      4.44
     4.34    -0.40      4.36    -5.30      4.76
     4.65    -0.48      4.67    -5.84      5.07
     4.95    -0.55      4.98    -6.32      5.39
     5.26    -0.62      5.30    -6.74      5.70
     5.57    -0.69      5.61    -7.11      6.02
     5.87    -0.77      5.92    -7.44      6.33
     6.18    -0.84      6.24    -7.74      6.65
     6.49    -0.91      6.55    -8.01      6.96
     6.79    -0.98      6.86    -8.25      7.28
     7.10    -1.06      7.18    -8.47      7.59
     7.40    -1.13      7.49    -8.68      7.91
     7.71    -1.20      7.80    -8.86      8.22
     8.02    -1.27      8.12    -9.03      8.53
     8.32    -1.35      8.43    -9.19      8.85
     8.63    -1.42      8.74    -9.34      9.16
     8.93    -1.49      9.06    -9.47      9.48
     9.24    -1.56      9.37    -9.60      9.79
     9.55    -1.63      9.69    -9.72     10.11
     9.85    -1.71     10.00    -9.83     10.42

     0.00    -0.00      0.00     4.06      0.00
     0.31     0.02      0.31     4.06      0.31
     0.63     0.04      0.63     4.05      0.63
     0.94     0.07      0.94     4.03      0.95
     1.25     0.09      1.26     3.98      1.27
     1.57     0.10      1.57     3.81      1.62
     1.88     0.11      1.89     3.32      2.02
     2.20     0.08      2.20     2.15      2.44
     2.50     0.03      2.50     0.65      2.83
     2.81    -0.04      2.81    -0.72      3.17
     3.12    -0.10      3.12    -1.86      3.49
     3.43    -0.17      3.43    -2.81      3.81
     3.73    -0.24      3.74    -3.61      4.13
     4.04    -0.30      4.05    -4.28      4.44
     4.35    -0.37      4.36    -4.85      4.76
     4.65    -0.44      4.68    -5.35      5.07
     4.96    -0.50      4.99    -5.78      5.38
     5.27    -0.57      5.30    -6.16      5.70
     5.58    -0.63      5.61    -6.50      6.01
     5.88    -0.70      5.93    -6.80      6.33
     6.19    -0.77      6.24    -7.06      6.64
     6.50    -0.83      6.55    -7.31      6.96
     6.81    -0.90      6.86    -7.52      7.27
     7.11    -0.96      7.18    -7.72      7.58
     7.42    -1.03      7.49    -7.90      7.90
     7.73    -1.09      7.80    -8.07      8.21
     8.03    -1.16      8.12    -8.22      8.53
     8.34    -1.23      8.43    -8.36      8.84
     8.65    -1.29      8.75    -8.49      9.16
     8.96    -1.36      9.06    -8.61      9.47
     9.26    -1.42      9.37    -8.72      9.78
     9.57    -1.49      9.69    -8.83     10.10
     9.88    -1.55     10.00    -8.93     10.41

     0.00     0.00      0.00     3.60      0.00
     0.31     0.02      0.31     3.60      0.31
     0.63     0.04      0.63     3.59      0.63
     0.94     0.06      0.94     3.58      0.95
     1.25     0.08      1.26     3.52      1.27
     1.57     0.09      1.57     3.38      1.62
     1.88     0.10      1.88     2.94      2.02
     2.19     0.07      2.19     1.89      2.44
     2.50     0.02      2.50     0.54      2.83
     2.81    -0.03      2.81    -0.68      3.17
     3.12    -0.09      3.12    -1.71      3.49
     3.43    -0.15      3.43    -2.56      3.81
     3.74    -0.21      3.74    -3.27      4.13
     4.04    -0.27      4.05    -3.87      4.44
     4.35    -0.33      4.37    -4.39      4.75
     4.66    -0.39      4.68    -4.83      5.07
     4.97    -0.45      4.99    -5.22      5.38
     5.28    -0.51      5.30    -5.56      5.70
     5.59    -0.57      5.61    -5.86      6.01
     5.89    -0.63      5.93    -6.12      6.32
     6.20    -0.69      6.24    -6.36      6.64
     6.51    -0.75      6.55    -6.58      6.95
     6.82    -0.81      6.87    -6.77      7.27
     7.13    -0.87      7.18    -6.95      7.58
     7.44    -0.93      7.49    -7.11      7.89
     7.74    -0.99      7.81    -7.26      8.21
     8.05    -1.04      8.12    -7.39      8.52
     8.36    -1.10      8.43    -7.52      8.83
     8.67    -1.16      8.75    -7.64      9.15
     8.98    -1.22      9.06    -7.74      9.46
     9.29    -1.28      9.37    -7.85      9.78
     9.59    -1.34      9.69    -7.94     10.09
     9.90    -1.40     10.00    -8.03     10.40

     0.00     0.00      0.00     3.16      0.00
     0.31     0.02      0.31     3.16      0.31
     0.63     0.03      0.63     3.15      0.63
     0.94     0.05      0.94     3.14      0.95
     1.25     0.07      1.25     3.09      1.27
     1.57     0.08      1.57     2.96      1.62
     1.88     0.08      1.88     2.58      2.02
     2.19     0.06      2.19     1.65      2.44
     2.50     0.02      2.50     0.45      2.83
     2.81    -0.03      2.81    -0.64      3.17
     3.12    -0.08      3.12    -1.54      3.49
     3.43    -0.14      3.43    -2.30      3.81
     3.74    -0.19      3.74    -2.93      4.12
     4.05    -0.24      4.06    -3.46      4.44
     4.36    -0.30      4.37    -3.91      4.75
     4.67    -0.35      4.68    -4.30      5.07
     4.98    -0.40      4.99    -4.64      5.38
     5.28    -0.46      5.30    -4.94      5.69
     5.59    -0.51      5.62    -5.21      6.01
     5.90    -0.56      5.93    -5.44      6.32
     6.21    -0.61      6.24    -5.65      6.63
     6.52    -0.67      6.56    -5.84      6.95
     6.83    -0.72      6.87    -6.02      7.26
     7.14    -0.77      7.18    -6.17      7.57
     7.45    -0.82      7.49    -6.32      7.89
     7.76    -0.88      7.81    -6.45      8.20
     8.07    -0.93      8.12    -6.57      8.52
     8.38    -0.98      8.43    -6.68      8.83
     8.69    -1.03      8.75    -6.78      9.14
     9.00    -1.08      9.06    -6.88      9.46
     9.30    -1.14      9.37    -6.97      9.77
     9.61    -1.19      9.69    -7.05     10.08
     9.92    -1.24     10.00    -7.13     10.40

     0.00     0.00      0.00     2.71      0.00
     0.31     0.01      0.31     2.71      0.31
     0.63     0.03      0.63     2.71      0.63
     0.94     0.04      0.94     2.69      0.95
     1.25     0.06      1.25     2.66      1.27
     1.57     0.07      1.57     2.55      1.62
     1.88     0.07      1.88     2.21      2.02
     2.19     0.05      2.19     1.41      2.44
     2.50     0.02      2.50     0.37      2.83
     2.81    -0.03      2.81    -0.57      3.17
     3.12    -0.07      3.12    -1.36      3.49
     3.43    -0.12      3.43    -2.01      3.81
     3.74    -0.17      3.75    -2.55      4.12
     4.05    -0.21      4.06    -3.01      4.44
     4.36    -0.26      4.37    -3.41      4.75
     4.67    -0.31      4.68    -3.74      5.06
     4.98    -0.35      4.99    -4.04      5.38
     5.29    -0.40      5.31    -4.30      5.69
     5.60    -0.44      5.62    -4.53      6.00
     5.91    -0.49      5.93    -4.74      6.32
     6.22    -0.54      6.24    -4.92      6.63
     6.53    -0.58      6.56    -5.09      6.94
     6.84    -0.63      6.87    -5.24      7.26
     7.15    -0.67      7.18    -5.38      7.57
     7.46    -0.72      7.50    -5.50      7.88
     7.77    -0.76      7.81    -5.62      8.20
     8.08    -0.81      8.12    -5.73      8.51
     8.39    -0.86      8.43    -5.83      8.82
     8.70    -0.90      8.75    -5.92      9.14
     9.01    -0.95      9.06    -6.00      9.45
     9.32    -0.99      9.37    -6.08      9.76
     9.63    -1.04      9.69    -6.16     10.08
     9.94    -1.08     10.00    -6.23     10.39

     0.00    -0.00      0.00     2.32      0.00
     0.31     0.01      0.31     2.32      0.31
     0.63     0.03      0.63     2.31      0.63
     0.94     0.04      0.94     2.30      0.94
     1.25     0.05      1.25     2.27      1.27
     1.56     0.06      1.57     2.18      1.62
     1.88     0.06      1.88     1.89      2.02
     2.19     0.05      2.19     1.20      2.44
     2.50     0.01      2.50     0.30      2.83
     2.81    -0.02      2.81    -0.51      3.17
     3.12    -0.06      3.12    -1.18      3.49
     3.43    -0.10      3.44    -1.74      3.81
     3.74    -0.14      3.75    -2.21      4.12
     4.05    -0.18      4.06    -2.60      4.44
     4.37    -0.22      4.37    -2.94      4.75
     4.68    -0.26      4.68    -3.23      5.06
     4.99    -0.30      5.00    -3.48      5.37
     5.30    -0.34      5.31    -3.71      5.69
     5.61    -0.38      5.62    -3.90      6.00
     5.92    -0.42      5.93    -4.08      6.31
     6.23    -0.46      6.25    -4.23      6.63
     6.54    -0.50      6.56    -4.37      6.94
     6.85    -0.54      6.87    -4.50      7.25
     7.16    -0.58      7.18    -4.62      7.57
     7.47    -0.62      7.50    -4.72      7.88
     7.78    -0.66      7.81    -4.82      8.19
     8.09    -0.69      8.12    -4.91      8.51
     8.40    -0.73      8.44    -4.99      8.82
     8.71    -0.77      8.75    -5.07      9.13
     9.02    -0.81      9.06    -5.14      9.45
     9.34    -0.85      9.37    -5.21      9.76
     9.65    -0.89      9.69    -5.27     10.07
     9.96    -0.93     10.00    -5.33     10.38

     0.00     0.00      0.00     1.89      0.00
     0.31     0.01      0.31     1.89      0.31
     0.63     0.02      0.63     1.89      0.63
     0.94     0.03      0.94     1.88      0.94
     1.25     0.04      1.25     1.85      1.27
     1.56     0.05      1.56     1.78      1.62
     1.88     0.05      1.88     1.54      2.02
     2.19     0.04      2.19     0.97      2.44
     2.50     0.01      2.50     0.24      2.83
     2.81    -0.02      2.81    -0.43      3.17
     3.12    -0.05      3.12    -0.98      3.49
     3.43    -0.09      3.44    -1.44      3.81
     3.75    -0.12      3.75    -1.83      4.12
     4.06    -0.15      4.06    -2.15      4.43
     4.37    -0.19      4.37    -2.43      4.75
     4.68    -0.22      4.68    -2.67      5.06
     4.99    -0.25      5.00    -2.88      5.37
     5.30    -0.28      5.31    -3.06      5.69
     5.61    -0.32      5.62    -3.22      6.00
     5.92    -0.35      5.93    -3.37      6.31
     6.24    -0.38      6.25    -3.50      6.62
     6.55    -0.41      6.56    -3.62      6.94
     6.86    -0.45      6.87    -3.72      7.25
     7.17    -0.48      7.19    -3.82      7.56
     7.48    -0.51      7.50    -3.91      7.88
     7.79    -0.54      7.81    -3.99      8.19
     8.10    -0.58      8.12    -4.07      8.50
     8.41    -0.61      8.44    -4.14      8.82
     8.73    -0.64      8.75    -4.20      9.13
     9.04    -0.67      9.06    -4.27      9.44
     9.35    -0.71      9.37    -4.32      9.75
     9.66    -0.74      9.69    -4.38     10.07
     9.97    -0.77     10.00    -4.43     10.38

     0.00     0.00      0.00     1.48      0.00
     0.31     0.01      0.31     1.48      0.31
     0.63     0.02      0.63     1.48      0.63
     0.94     0.02      0.94     1.47      0.94
     1.25     0.03      1.25     1.45      1.27
     1.56     0.04      1.56     1.39      1.62
     1.88     0.04      1.88     1.20      2.01
     2.19     0.03      2.19     0.75      2.44
     2.50     0.01      2.50     0.17      2.83
     2.81    -0.02      2.81    -0.36      3.17
     3.12    -0.04      3.12    -0.80      3.49
     3.44    -0.07      3.44    -1.16      3.81
     3.75    -0.10      3.75    -1.46      4.12
     4.06    -0.12      4.06    -1.72      4.43
     4.37    -0.15      4.37    -1.94      4.75
     4.68    -0.17      4.69    -2.13      5.06
     4.99    -0.20      5.00    -2.29      5.37
     5.31    -0.23      5.31    -2.44      5.68
     5.62    -0.25      5.62    -2.56      6.00
     5.93    -0.28      5.94    -2.68      6.31
     6.24    -0.30      6.25    -2.78      6.62
     6.55    -0.33      6.56    -2.88      6.94
     6.86    -0.36      6.87    -2.96      7.25
     7.18    -0.38      7.19    -3.04      7.56
     7.49    -0.41      7.50    -3.11      7.87
     7.80    -0.43      7.81    -3.18      8.19
     8.11    -0.46      8.12    -3.24      8.50
     8.42    -0.48      8.44    -3.30      8.81
     8.73    -0.51      8.75    -3.35      9.12
     9.05    -0.54      9.06    -3.40      9.44
     9.36    -0.56      9.37    -3.44      9.75
     9.67    -0.59      9.69    -3.49     10.06
     9.98    -0.61     10.00    -3.53     10.38

     0.00    -0.00      0.00     1.10      0.00
     0.31     0.01      0.31     1.10      0.31
     0.63     0.01      0.63     1.10      0.63
     0.94     0.02      0.94     1.10      0.94
     1.25     0.02      1.25     1.08      1.27
     1.56     0.03      1.56     1.03      1.62
     1.88     0.03      1.88     0.89      2.01
     2.19     0.02      2.19     0.55      2.44
     2.50     0.01      2.50     0.12      2.83
     2.81    -0.01      2.81    -0.28      3.17
     3.12    -0.03      3.12    -0.61      3.49
     3.44    -0.05      3.44    -0.88      3.81
     3.75    -0.07      3.75    -1.11      4.12
     4.06    -0.09      4.06    -1.30      4.43
     4.37    -0.11      4.37    -1.47      4.74
     4.68    -0.13      4.69    -1.61      5.06
     5.00    -0.15      5.00    -1.73      5.37
     5.31    -0.17      5.31    -1.84      5.68
     5.62    -0.19      5.62    -1.93      6.00
     5.93    -0.21      5.94    -2.02      6.31
     6.24    -0.23      6.25    -2.09      6.62
     6.56    -0.25      6.56    -2.16      6.93
     6.87    -0.27      6.87    -2.22      7.25
     7.18    -0.29      7.19    -2.28      7.56
     7.49    -0.31      7.50    -2.33      7.87
     7.81    -0.32      7.81    -2.38      8.18
     8.12    -0.34      8.12    -2.42      8.50
     8.43    -0.36      8.44    -2.46      8.81
     8.74    -0.38      8.75    -2.50      9.12
     9.05    -0.40      9.06    -2.53      9.43
     9.37    -0.42      9.37    -2.57      9.75
     9.68    -0.44      9.69    -2.60     10.06
     9.99    -0.46     10.00    -2.63     10.37

     0.00     0.00      0.00     0.70      0.00
     0.31     0.00      0.31     0.70      0.31
     0.63     0.01      0.63     0.70      0.63
     0.94     0.01      0.94     0.69      0.94
     1.25     0.01      1.25     0.69      1.27
     1.56     0.02      1.56     0.66      1.62
     1.88     0.02      1.88     0.56      2.01
     2.19     0.01      2.19     0.34      2.44
     2.50     0.00      2.50     0.06      2.83
     2.81    -0.01      2.81    -0.20      3.17
     3.12    -0.02      3.12    -0.41      3.49
     3.44    -0.04      3.44    -0.59      3.80
     3.75    -0.05      3.75    -0.74      4.12
     4.06    -0.06      4.06    -0.86      4.43
     4.37    -0.07      4.37    -0.97      4.74
     4.69    -0.09      4.69    -1.06      5.06
     5.00    -0.10      5.00    -1.14      5.37
     5.31    -0.11      5.31    -1.21      5.68
     5.62    -0.13      5.62    -1.28      5.99
     5.94    -0.14      5.94    -1.33      6.31
     6.25    -0.15      6.25    -1.38      6.62
     6.56    -0.16      6.56    -1.42      6.93
     6.87    -0.18      6.87    -1.46      7.24
     7.18    -0.19      7.19    -1.50      7.56
     7.50    -0.20      7.50    -1.53      7.87
     7.81    -0.21      7.81    -1.57      8.18
     8.12    -0.23      8.12    -1.59      8.50
     8.43    -0.24      8.44    -1.62      8.81
     8.75    -0.25      8.75    -1.64      9.12
     9.06    -0.26      9.06    -1.67      9.43
     9.37    -0.28      9.37    -1.69      9.75
     9.68    -0.29      9.69    -1.71     10.06
    10.00    -0.30     10.00    -1.72     10.37

     0.00    -0.00      0.00     0.30      0.00
     0.31     0.00      0.31     0.30      0.31
     0.63     0.00      0.63     0.30      0.63
     0.94     0.00      0.94     0.30      0.94
     1.25     0.01      1.25     0.30      1.27
     1.56     0.01      1.56     0.30      1.62
     1.88     0.01      1.88     0.26      2.01
     2.19     0.01      2.19     0.15      2.44
     2.50     0.00      2.50     0.02      2.83
     2.81    -0.00      2.81    -0.10      3.17
     3.12    -0.01      3.12    -0.20      3.49
     3.44    -0.02      3.44    -0.29      3.80
     3.75    -0.02      3.75    -0.36      4.12
     4.06    -0.03      4.06    -0.42      4.43
     4.37    -0.04      4.37    -0.47      4.74
     4.69    -0.04      4.69    -0.51      5.06
     5.00    -0.05      5.00    -0.55      5.37
     5.31    -0.05      5.31    -0.58      5.68
     5.62    -0.06      5.62    -0.61      5.99
     5.94    -0.07      5.94    -0.64      6.31
     6.25    -0.07      6.25    -0.66      6.62
     6.56    -0.08      6.56    -0.68      6.93
     6.87    -0.08      6.87    -0.70      7.24
     7.19    -0.09      7.19    -0.72      7.56
     7.50    -0.10      7.50    -0.74      7.87
     7.81    -0.10      7.81    -0.75      8.18
     8.12    -0.11      8.12    -0.76      8.49
     8.44    -0.11      8.44    -0.78      8.81
     8.75    -0.12      8.75    -0.79      9.12
     9.06    -0.13      9.06    -0.80      9.43
     9.37    -0.13      9.37    -0.81      9.74
     9.69    -0.14      9.69    -0.82     10.06
    10.00    -0.14     10.00    -0.82     10.37

     0.00     0.00      0.00    -0.02      0.00
     0.31    -0.00      0.31    -0.02      0.31
     0.63    -0.00      0.63    -0.02      0.63
     0.94    -0.00      0.94    -0.02      0.94
     1.25    -0.00      1.25    -0.02      1.27
     1.56    -0.00      1.56    -0.02      1.62
     1.88    -0.00      1.88    -0.02      2.01
     2.19    -0.00      2.19    -0.01      2.44
     2.50    -0.00      2.50    -0.00      2.83
     2.81     0.00      2.81     0.01      3.17
     3.12     0.00      3.13     0.02      3.49
     3.44     0.00      3.44     0.02      3.80
     3.75     0.00      3.75     0.03      4.12
     4.06     0.00      4.06     0.03      4.43
     4.37     0.00      4.37     0.04      4.74
     4.69     0.00      4.69     0.04      5.06
     5.00     0.00      5.00     0.04      5.37
     5.31     0.00      5.31     0.05      5.68
     5.62     0.00      5.62     0.05      5.99
     5.94     0.01      5.94     0.05      6.31
     6.25     0.01      6.25     0.05      6.62
     6.56     0.01      6.56     0.06      6.93
     6.87     0.01      6.87     0.06      7.24
     7.19     0.01      7.19     0.06      7.56
     7.50     0.01      7.50     0.06      7.87
     7.81     0.01      7.81     0.07      8.18
     8.12     0.01      8.12     0.07      8.49
     8.44     0.01      8.44     0.07      8.81
     8.75     0.01      8.75     0.07      9.12
     9.06     0.01      9.06     0.07      9.43
     9.37     0.01      9.37     0.07      9.74
     9.69     0.01      9.69     0.07     10.06
    10.00     0.01     10.00     0.08     10.37

     0.00     0.00      0.00    -0.38      0.00
     0.31    -0.00      0.31    -0.38      0.31
     0.63    -0.00      0.63    -0.38      0.63
     0.94    -0.01      0.94    -0.39      0.94
     1.25    -0.01      1.25    -0.39      1.27
     1.56    -0.01      1.56    -0.37      1.62
     1.88    -0.01      1.88    -0.32      2.01
     2.19    -0.01      2.19    -0.19      2.44
     2.50    -0.00      2.50    -0.03      2.83
     2.81     0.01      2.81     0.12      3.17
     3.12     0.01      3.12     0.25      3.49
     3.44     0.02      3.44     0.35      3.80
     3.75     0.03      3.75     0.44      4.12
     4.06     0.04      4.06     0.51      4.43
     4.37     0.04      4.37     0.58      4.74
     4.69     0.05      4.69     0.63      5.06
     5.00     0.06      5.00     0.67      5.37
     5.31     0.07      5.31     0.71      5.68
     5.62     0.07      5.62     0.75      5.99
     5.94     0.08      5.94     0.78      6.31
     6.25     0.09      6.25     0.81      6.62
     6.56     0.09      6.56     0.83      6.93
     6.87     0.10      6.87     0.85      7.24
     7.19     0.11      7.19     0.87      7.56
     7.50     0.12      7.50     0.89      7.87
     7.81     0.12      7.81     0.90      8.18
     8.12     0.13      8.12     0.92      8.49
     8.44     0.14      8.44     0.93      8.81
     8.75     0.14      8.75     0.94      9.12
     9.06     0.15      9.06     0.95      9.43
     9.37     0.16      9.37     0.96      9.74
     9.69     0.16      9.69     0.97     10.06
    10.00     0.17     10.00     0.98     10.37

     0.00     0.00      0.00    -0.75      0.00
     0.31    -0.00      0.31    -0.75      0.31
     0.63    -0.01      0.63    -0.75      0.63
     0.94    -0.01      0.94    -0.75      0.94
     1.25    -0.02      1.25    -0.74      1.27
     1.56    -0.02      1.56    -0.71      1.62
     1.88    -0.02      1.88    -0.61      2.01
     2.19    -0.01      2.19    -0.37      2.44
     2.50    -0.00      2.50    -0.07      2.83
     2.81     0.01      2.81     0.21      3.17
     3.12     0.02      3.12     0.44      3.49
     3.44     0.04      3.44     0.63      3.80
     3.75     0.05      3.75     0.80      4.12
     4.06     0.07      4.06     0.93      4.43
     4.37     0.08      4.37     1.05      4.74
     4.69     0.09      4.69     1.15      5.06
     5.00     0.11      5.00     1.23      5.37
     5.31     0.12      5.31     1.31      5.68
     5.62     0.14      5.62     1.38      5.99
     5.94     0.15      5.94     1.44      6.31
     6.25     0.16      6.25     1.49      6.62
     6.56     0.18      6.56     1.54      6.93
     6.87     0.19      6.87     1.59      7.25
     7.18     0.20      7.19     1.63      7.56
     7.50     0.22      7.50     1.66      7.87
     7.81     0.23      7.81     1.70      8.18
     8.12     0.24      8.12     1.73      8.50
     8.43     0.26      8.44     1.76      8.81
     8.75     0.27      8.75     1.79      9.12
     9.06     0.29      9.06     1.81      9.43
     9.37     0.30      9.37     1.83      9.75
     9.68     0.31      9.69     1.86     10.06
     9.99     0.33     10.00     1.88     10.37

     0.00    -0.00      0.00    -1.16      0.00
     0.31    -0.01      0.31    -1.16      0.31
     0.63    -0.01      0.63    -1.16      0.63
     0.94    -0.02      0.94    -1.16      0.94
     1.25    -0.02      1.25    -1.14      1.27
     1.56    -0.03      1.56    -1.09      1.62
     1.88    -0.03      1.88    -0.94      2.01
     2.19    -0.02      2.19    -0.58      2.44
     2.50    -0.01      2.50    -0.13      2.83
     2.81     0.01      2.81     0.29      3.17
     3.12     0.03      3.12     0.64      3.49
     3.44     0.06      3.44     0.93      3.81
     3.75     0.08      3.75     1.17      4.12
     4.06     0.10      4.06     1.37      4.43
     4.37     0.12      4.37     1.54      4.75
     4.68     0.14      4.69     1.69      5.06
     5.00     0.16      5.00     1.82      5.37
     5.31     0.18      5.31     1.94      5.68
     5.62     0.20      5.62     2.04      6.00
     5.93     0.22      5.94     2.13      6.31
     6.24     0.24      6.25     2.21      6.62
     6.56     0.26      6.56     2.28      6.93
     6.87     0.28      6.87     2.35      7.25
     7.18     0.30      7.19     2.41      7.56
     7.49     0.32      7.50     2.46      7.87
     7.80     0.34      7.81     2.51      8.18
     8.12     0.36      8.12     2.56      8.50
     8.43     0.38      8.44     2.60      8.81
     8.74     0.40      8.75     2.64      9.12
     9.05     0.42      9.06     2.68      9.44
     9.36     0.44      9.37     2.71      9.75
     9.68     0.46      9.69     2.75     10.06
     9.99     0.48     10.00     2.78     10.37

     0.00     0.00      0.00    -1.57      0.00
     0.31    -0.01      0.31    -1.57      0.31
     0.63    -0.02      0.63    -1.56      0.63
     0.94    -0.03      0.94    -1.56      0.94
     1.25    -0.03      1.25    -1.53      1.27
     1.56    -0.04      1.56    -1.47      1.62
     1.88    -0.04      1.88    -1.27      2.02
     2.19    -0.03      2.19    -0.79      2.44
     2.50    -0.01      2.50    -0.18      2.83
     2.81     0.02      2.81     0.37      3.17
     3.12     0.05      3.12     0.84      3.49
     3.44     0.07      3.44     1.22      3.81
     3.75     0.10      3.75     1.54      4.12
     4.06     0.13      4.06     1.81      4.43
     4.37     0.16      4.37     2.04      4.75
     4.68     0.18      4.69     2.24      5.06
     4.99     0.21      5.00     2.41      5.37
     5.31     0.24      5.31     2.56      5.68
     5.62     0.26      5.62     2.70      6.00
     5.93     0.29      5.94     2.82      6.31
     6.24     0.32      6.25     2.92      6.62
     6.55     0.35      6.56     3.02      6.94
     6.86     0.37      6.87     3.11      7.25
     7.17     0.40      7.19     3.19      7.56
     7.49     0.43      7.50     3.26      7.87
     7.80     0.45      7.81     3.33      8.19
     8.11     0.48      8.12     3.39      8.50
     8.42     0.51      8.44     3.45      8.81
     8.73     0.53      8.75     3.50      9.13
     9.04     0.56      9.06     3.55      9.44
     9.36     0.59      9.37     3.59      9.75
     9.67     0.61      9.69     3.64     10.06
     9.98     0.64     10.00     3.68     10.38

     0.00     0.00      0.00    -1.97      0.00
     0.31    -0.01      0.31    -1.97      0.31
     0.63    -0.02      0.63    -1.97      0.63
     0.94    -0.03      0.94    -1.96      0.94
     1.25    -0.04      1.25    -1.93      1.27
     1.56    -0.05      1.56    -1.85      1.62
     1.88    -0.05      1.88    -1.60      2.02
     2.19    -0.04      2.19    -1.01      2.44
     2.50    -0.01      2.50    -0.25      2.83
     2.81     0.02      2.81     0.45      3.17
     3.12     0.06      3.12     1.03      3.49
     3.43     0.09      3.44     1.51      3.81
     3.75     0.12      3.75     1.90      4.12
     4.06     0.16      4.06     2.24      4.43
     4.37     0.19      4.37     2.53      4.75
     4.68     0.23      4.68     2.78      5.06
     4.99     0.26      5.00     2.99      5.37
     5.30     0.29      5.31     3.18      5.69
     5.61     0.33      5.62     3.35      6.00
     5.92     0.36      5.93     3.50      6.31
     6.23     0.40      6.25     3.64      6.62
     6.55     0.43      6.56     3.76      6.94
     6.86     0.46      6.87     3.87      7.25
     7.17     0.50      7.18     3.97      7.56
     7.48     0.53      7.50     4.06      7.88
     7.79     0.56      7.81     4.14      8.19
     8.10     0.60      8.12     4.22      8.50
     8.41     0.63      8.44     4.29      8.82
     8.72     0.66      8.75     4.36      9.13
     9.03     0.70      9.06     4.42      9.44
     9.35     0.73      9.37     4.47      9.75
     9.66     0.76      9.69     4.53     10.07
     9.97     0.80     10.00     4.58     10.38

     0.00     0.00      0.00    -2.40      0.00
     0.31    -0.01      0.31    -2.40      0.31
     0.63    -0.03      0.63    -2.39      0.63
     0.94    -0.04      0.94    -2.38      0.95
     1.25    -0.05      1.25    -2.35      1.27
     1.56    -0.06      1.57    -2.25      1.62
     1.88    -0.06      1.88    -1.95      2.02
     2.19    -0.05      2.19    -1.24      2.44
     2.50    -0.01      2.50    -0.31      2.83
     2.81     0.03      2.81     0.52      3.17
     3.12     0.07      3.12     1.22      3.49
     3.43     0.11      3.43     1.80      3.81
     3.74     0.15      3.75     2.28      4.12
     4.05     0.19      4.06     2.69      4.44
     4.36     0.23      4.37     3.03      4.75
     4.67     0.27      4.68     3.33      5.06
     4.99     0.31      5.00     3.59      5.38
     5.30     0.35      5.31     3.82      5.69
     5.61     0.39      5.62     4.02      6.00
     5.92     0.43      5.93     4.20      6.31
     6.23     0.48      6.25     4.37      6.63
     6.54     0.52      6.56     4.51      6.94
     6.85     0.56      6.87     4.64      7.25
     7.16     0.60      7.18     4.76      7.57
     7.47     0.64      7.50     4.87      7.88
     7.78     0.68      7.81     4.97      8.19
     8.09     0.72      8.12     5.06      8.51
     8.40     0.76      8.44     5.14      8.82
     8.71     0.80      8.75     5.22      9.13
     9.02     0.84      9.06     5.29      9.45
     9.33     0.87      9.37     5.36      9.76
     9.64     0.91      9.69     5.42     10.07
     9.95     0.95     10.00     5.48     10.39

     0.00     0.00      0.00    -2.80      0.00
     0.31    -0.02      0.31    -2.80      0.31
     0.63    -0.03      0.63    -2.79      0.63
     0.94    -0.05      0.94    -2.78      0.95
     1.25    -0.06      1.25    -2.74      1.27
     1.57    -0.07      1.57    -2.63      1.62
     1.88    -0.07      1.88    -2.28      2.02
     2.19    -0.06      2.19    -1.45      2.44
     2.50    -0.02      2.50    -0.38      2.83
     2.81     0.03      2.81     0.58      3.17
     3.12     0.08      3.12     1.40      3.49
     3.43     0.12      3.43     2.07      3.81
     3.74     0.17      3.75     2.63      4.12
     4.05     0.22      4.06     3.10      4.44
     4.36     0.27      4.37     3.50      4.75
     4.67     0.31      4.68     3.85      5.06
     4.98     0.36      4.99     4.16      5.38
     5.29     0.41      5.31     4.42      5.69
     5.60     0.46      5.62     4.66      6.00
     5.91     0.50      5.93     4.87      6.32
     6.22     0.55      6.24     5.06      6.63
     6.53     0.60      6.56     5.23      6.94
     6.84     0.64      6.87     5.38      7.26
     7.15     0.69      7.18     5.52      7.57
     7.46     0.74      7.50     5.65      7.88
     7.77     0.78      7.81     5.77      8.20
     8.08     0.83      8.12     5.88      8.51
     8.39     0.88      8.43     5.98      8.82
     8.70     0.92      8.75     6.07      9.14
     9.01     0.97      9.06     6.15      9.45
     9.32     1.02      9.37     6.23      9.76
     9.63     1.06      9.69     6.31     10.08
     9.94     1.11     10.00     6.38     10.39

     0.00     0.00      0.00    -3.23      0.00
     0.31    -0.02      0.31    -3.23      0.31
     0.63    -0.04      0.63    -3.22      0.63
     0.94    -0.05      0.94    -3.20      0.95
     1.25    -0.07      1.25    -3.16      1.27
     1.57    -0.08      1.57    -3.03      1.62
     1.88    -0.09      1.88    -2.63      2.02
     2.19    -0.06      2.19    -1.69      2.44
     2.50    -0.02      2.50    -0.47      2.83
     2.81     0.03      2.81     0.64      3.17
     3.12     0.09      3.12     1.57      3.49
     3.43     0.14      3.43     2.34      3.81
     3.74     0.19      3.74     2.98      4.12
     4.05     0.25      4.06     3.52      4.44
     4.36     0.30      4.37     3.98      4.75
     4.67     0.36      4.68     4.38      5.07
     4.97     0.41      4.99     4.73      5.38
     5.28     0.47      5.30     5.04      5.69
     5.59     0.52      5.62     5.31      6.01
     5.90     0.57      5.93     5.55      6.32
     6.21     0.63      6.24     5.77      6.63
     6.52     0.68      6.55     5.96      6.95
     6.83     0.73      6.87     6.14      7.26
     7.14     0.79      7.18     6.30      7.58
     7.45     0.84      7.49     6.45      7.89
     7.76     0.89      7.81     6.58      8.20
     8.06     0.95      8.12     6.70      8.52
     8.37     1.00      8.43     6.82      8.83
     8.68     1.05      8.75     6.92      9.14
     8.99     1.11      9.06     7.02      9.46
     9.30     1.16      9.37     7.11      9.77
     9.61     1.21      9.69     7.20     10.08
     9.92     1.27     10.00     7.28     10.40

     0.00    -0.00      0.00    -3.67      0.00
     0.31    -0.02      0.31    -3.67      0.31
     0.63    -0.04      0.63    -3.66      0.63
     0.94    -0.06      0.94    -3.64      0.95
     1.25    -0.08      1.26    -3.59      1.27
     1.57    -0.09      1.57    -3.44      1.62
     1.88    -0.10      1.88    -2.99      2.02
     2.19    -0.07      2.20    -1.93      2.44
     2.50    -0.02      2.50    -0.56      2.83
     2.81     0.03      2.81     0.69      3.17
     3.12     0.09      3.12     1.74      3.49
     3.43     0.16      3.43     2.60      3.81
     3.74     0.22      3.74     3.33      4.13
     4.04     0.28      4.05     3.94      4.44
     4.35     0.34      4.37     4.46      4.75
     4.66     0.40      4.68     4.91      5.07
     4.97     0.46      4.99     5.31      5.38
     5.28     0.52      5.30     5.65      5.70
     5.58     0.58      5.61     5.96      6.01
     5.89     0.64      5.93     6.23      6.32
     6.20     0.70      6.24     6.47      6.64
     6.51     0.76      6.55     6.69      6.95
     6.82     0.82      6.87     6.89      7.27
     7.12     0.88      7.18     7.07      7.58
     7.43     0.94      7.49     7.24      7.89
     7.74     1.00      7.81     7.39      8.21
     8.05     1.06      8.12     7.53      8.52
     8.36     1.12      8.43     7.66      8.84
     8.67     1.18      8.75     7.78      9.15
     8.97     1.24      9.06     7.89      9.46
     9.28     1.30      9.37     7.99      9.78
     9.59     1.36      9.69     8.09     10.09
     9.90     1.42     10.00     8.18     10.41

     0.00     0.00      0.00    -4.15      0.00
     0.31    -0.02      0.31    -4.15      0.31
     0.63    -0.05      0.63    -4.14      0.63
     0.94    -0.07      0.94    -4.11      0.95
     1.25    -0.09      1.26    -4.06      1.27
     1.57    -0.11      1.57    -3.89      1.62
     1.88    -0.11      1.89    -3.39      2.02
     2.20    -0.08      2.20    -2.20      2.44
     2.50    -0.03      2.50    -0.67      2.83
     2.81     0.04      2.81     0.72      3.17
     3.12     0.10      3.12     1.89      3.49
     3.43     0.17      3.43     2.86      3.81
     3.73     0.24      3.74     3.67      4.13
     4.04     0.31      4.05     4.35      4.44
     4.35     0.38      4.36     4.94      4.76
     4.65     0.44      4.67     5.44      5.07
     4.96     0.51      4.99     5.88      5.39
     5.27     0.58      5.30     6.27      5.70
     5.57     0.65      5.61     6.61      6.01
     5.88     0.71      5.92     6.92      6.33
     6.19     0.78      6.24     7.19      6.64
     6.50     0.85      6.55     7.43      6.96
     6.80     0.91      6.86     7.65      7.27
     7.11     0.98      7.18     7.86      7.59
     7.42     1.05      7.49     8.04      7.90
     7.72     1.11      7.80     8.21      8.21
     8.03     1.18      8.12     8.36      8.53
     8.34     1.25      8.43     8.51      8.84
     8.65     1.31      8.74     8.64      9.16
     8.95     1.38      9.06     8.76      9.47
     9.26     1.45      9.37     8.87      9.79
     9.57     1.51      9.69     8.98     10.10
     9.87     1.58     10.00     9.08     10.41

     0.00    -0.00      0.00    -4.61      0.00
     0.31    -0.03      0.31    -4.61      0.32
     0.63    -0.05      0.63    -4.60      0.63
     0.94    -0.08      0.94    -4.57      0.95
     1.25    -0.10      1.26    -4.51      1.28
     1.57    -0.12      1.57    -4.32      1.63
     1.88    -0.12      1.89    -3.76      2.02
     2.20    -0.09      2.20    -2.46      2.44
     2.51    -0.03      2.51    -0.79      2.83
     2.81     0.04      2.81     0.75      3.17
     3.12     0.11      3.12     2.03      3.50
     3.42     0.19      3.43     3.09      3.81
     3.73     0.26      3.74     3.99      4.13
     4.04     0.33      4.05     4.74      4.44
     4.34     0.41      4.36     5.39      4.76
     4.65     0.48      4.67     5.95      5.07
     4.95     0.56      4.98     6.43      5.39
     5.26     0.63      5.30     6.86      5.70
     5.56     0.71      5.61     7.24      6.02
     5.87     0.78      5.92     7.58      6.33
     6.18     0.85      6.23     7.88      6.65
     6.48     0.93      6.55     8.15      6.96
     6.79     1.00      6.86     8.39      7.28
     7.09     1.07      7.18     8.62      7.59
     7.40     1.15      7.49     8.82      7.91
     7.71     1.22      7.80     9.01      8.22
     8.01     1.29      8.12     9.18      8.54
     8.32     1.37      8.43     9.34      8.85
     8.62     1.44      8.74     9.49      9.16
     8.93     1.51      9.06     9.62      9.48
     9.24     1.59      9.37     9.75      9.79
     9.54     1.66      9.69     9.87     10.11
     9.85     1.73     10.00     9.98     10.42

     0.00    -0.00      0.00    -5.11      0.00
     0.31    -0.03      0.32    -5.11      0.32
     0.63    -0.06      0.63    -5.10      0.63
     0.94    -0.08      0.95    -5.07      0.95
     1.26    -0.11      1.26    -5.00      1.28
     1.57    -0.13      1.58    -4.79      1.63
     1.89    -0.14      1.89    -4.18      2.02
     2.20    -0.11      2.20    -2.76      2.44
     2.51    -0.04      2.51    -0.93      2.83
     2.81     0.04      2.81     0.75      3.17
     3.12     0.12      3.12     2.15      3.50
     3.42     0.20      3.43     3.32      3.81
     3.73     0.28      3.74     4.30      4.13
     4.03     0.36      4.05     5.13      4.45
     4.34     0.44      4.36     5.84      4.76
     4.64     0.52      4.67     6.45      5.08
     4.94     0.61      4.98     6.98      5.39
     5.25     0.69      5.29     7.45      5.71
     5.55     0.77      5.61     7.87      6.02
     5.86     0.85      5.92     8.24      6.34
     6.16     0.93      6.23     8.57      6.65
     6.47     1.01      6.55     8.87      6.97
     6.77     1.09      6.86     9.14      7.28
     7.08     1.17      7.17     9.38      7.60
     7.38     1.25      7.49     9.61      7.91
     7.69     1.33      7.80     9.81      8.23
     7.99     1.41      8.11    10.00      8.54
     8.30     1.49      8.43    10.18      8.86
     8.60     1.57      8.74    10.34      9.17
     8.91     1.65      9.06    10.49      9.49
     9.21     1.73      9.37    10.63      9.80
     9.52     1.81      9.69    10.76     10.12
     9.82     1.89     10.00    10.88     10.43

     0.00     0.00      0.00    -5.66      0.00
     0.31    -0.03      0.32    -5.66      0.32
     0.63    -0.06      0.63    -5.64      0.63
     0.94    -0.09      0.95    -5.61      0.95
     1.26    -0.12      1.26    -5.53      1.28
     1.57    -0.15      1.58    -5.30      1.63
     1.89    -0.15      1.89    -4.63      2.02
     2.20    -0.12      2.20    -3.09      2.44
     2.51    -0.05      2.51    -1.10      2.83
     2.81     0.04      2.81     0.72      3.17
     3.12     0.12      3.12     2.25      3.50
     3.42     0.21      3.43     3.52      3.82
     3.72     0.30      3.73     4.59      4.13
     4.03     0.39      4.04     5.50      4.45
     4.33     0.48      4.35     6.27      4.76
     4.63     0.56      4.67     6.94      5.08
     4.93     0.65      4.98     7.53      5.40
     5.24     0.74      5.29     8.04      5.71
     5.54     0.83      5.60     8.49      6.03
     5.84     0.91      5.92     8.90      6.34
     6.15     1.00      6.23     9.26      6.66
     6.45     1.09      6.54     9.59      6.97
     6.75     1.18      6.86     9.88      7.29
     7.06     1.26      7.17    10.15      7.60
     7.36     1.35      7.48    10.40      7.92
     7.66     1.44      7.80    10.62      8.24
     7.97     1.52      8.11    10.83      8.55
     8.27     1.61      8.43    11.02      8.87
     8.58     1.70      8.74    11.19      9.18
     8.88     1.78      9.06    11.36      9.50
     9.18     1.87      9.37    11.51      9.81
     9.49     1.95      9.69    11.65     10.13
     9.79     2.04     10.00    11.78     10.45

     0.00     0.00      0.00    -6.24      0.00
     0.31    -0.03      0.32    -6.24      0.32
     0.63    -0.07      0.63    -6.23      0.63
     0.94    -0.10      0.95    -6.19      0.95
     1.26    -0.13      1.26    -6.11      1.28
     1.57    -0.16      1.58    -5.86      1.63
     1.89    -0.17      1.90    -5.13      2.03
     2.20    -0.13      2.21    -3.46      2.44
     2.51    -0.06      2.51    -1.32      2.83
     2.81     0.03      2.81     0.65      3.17
     3.12     0.13      3.12     2.31      3.50
     3.42     0.22      3.42     3.69      3.82
     3.72     0.32      3.73     4.85      4.13
     4.02     0.41      4.04     5.83      4.45
     4.32     0.51      4.35     6.67      4.77
     4.62     0.60      4.66     7.40      5.08
     4.92     0.69      4.97     8.03      5.40
     5.23     0.79      5.29     8.59      5.72
     5.53     0.88      5.60     9.09      6.03
     5.83     0.98      5.91     9.53      6.35
     6.13     1.07      6.22     9.92      6.66
     6.43     1.17      6.54    10.28      6.98
     6.74     1.26      6.85    10.60      7.30
     7.04     1.35      7.17    10.90      7.61
     7.34     1.45      7.48    11.16      7.93
     7.64     1.54      7.80    11.41      8.24
     7.94     1.63      8.11    11.63      8.56
     8.25     1.73      8.42    11.84      8.88
     8.55     1.82      8.74    12.04      9.19
     8.85     1.91      9.05    12.21      9.51
     9.15     2.01      9.37    12.38      9.83
     9.45     2.10      9.68    12.54     10.14
     9.76     2.19     10.00    12.68     10.46

     0.00     0.00      0.00    -6.92      0.00
     0.31    -0.04      0.32    -6.92      0.32
     0.63    -0.08      0.63    -6.91      0.64
     0.94    -0.11      0.95    -6.87      0.96
     1.26    -0.15      1.27    -6.77      1.28
     1.57    -0.18      1.58    -6.50      1.64
     1.89    -0.19      1.90    -5.70      2.03
     2.21    -0.15      2.21    -3.91      2.44
     2.51    -0.07      2.51    -1.61      2.83
     2.81     0.03      2.81     0.51      3.17
     3.11     0.13      3.12     2.30      3.50
     3.41     0.23      3.42     3.80      3.82
     3.71     0.33      3.73     5.05      4.13
     4.01     0.43      4.04     6.12      4.45
     4.31     0.53      4.35     7.03      4.77
     4.61     0.63      4.66     7.82      5.09
     4.91     0.74      4.97     8.51      5.40
     5.21     0.84      5.28     9.12      5.72
     5.52     0.94      5.59     9.66      6.04
     5.82     1.04      5.91    10.14      6.35
     6.12     1.14      6.22    10.57      6.67
     6.42     1.24      6.53    10.96      6.99
     6.72     1.34      6.85    11.31      7.30
     7.02     1.44      7.16    11.63      7.62
     7.32     1.54      7.48    11.93      7.94
     7.62     1.65      7.79    12.19      8.25
     7.92     1.75      8.11    12.44      8.57
     8.22     1.85      8.42    12.67      8.89
     8.52     1.95      8.74    12.88      9.20
     8.82     2.05      9.05    13.07      9.52
     9.12     2.15      9.37    13.25      9.84
     9.42     2.25      9.68    13.42     10.15
     9.72     2.35     10.00    13.58     10.47